0 99 98 1
1 99 0 2
2 99 1 3
3 99 2 4
4 99 3 5
5 99 4 6
6 99 5 7
7 99 6 8
8 99 7 9
9 99 8 10
10 99 9 11
11 99 10 12
12 99 11 13
13 99 12 14
14 99 13 15
15 99 14 16
16 99 15 17
17 99 16 18
18 99 17 19
19 99 18 20
20 99 19 21
21 99 20 22
22 99 21 23
23 99 22 24
24 99 23 25
25 99 24 26
26 99 25 27
27 99 26 28
28 99 27 29
29 99 28 30
30 99 29 31
31 99 30 32
32 99 31 33
33 99 32 34
34 99 33 35
35 99 34 36
36 99 35 37
37 99 36 38
38 99 37 39
39 99 38 40
40 99 39 41
41 99 40 42
42 99 41 43
43 99 42 44
44 99 43 45
45 99 44 46
46 99 45 47
47 99 46 48
48 99 47 49
49 99 48 50
50 99 49 51
51 99 50 52
52 99 51 53
53 99 52 54
54 99 53 55
55 99 54 56
56 99 55 57
57 99 56 58
58 99 57 59
59 99 58 60
60 99 59 61
61 99 60 62
62 99 61 63
63 99 62 64
64 99 63 65
65 99 64 66
66 99 65 67
67 99 66 68
68 99 67 69
69 99 68 70
70 99 69 71
71 99 70 72
72 99 71 73
73 99 72 74
74 99 73 75
75 99 74 76
76 99 75 77
77 99 76 78
78 99 77 79
79 99 78 80
80 99 79 81
81 99 80 82
82 99 81 83
83 99 82 84
84 99 83 85
85 99 84 86
86 99 85 87
87 99 86 88
88 99 87 89
89 99 88 90
90 99 89 91
91 99 90 92
92 99 91 93
93 99 92 94
94 99 93 95
95 99 94 96
96 99 95 97
97 99 96 98
98 99 97 0
99 0 1 2 3 4 5 6 7 8 9 10 11 12 13 14 15 16 17 18 19 20 21 22 23 24 25 26 27 28 29 30 31 32 33 34 35 36 37 38 39 40 41 42 43 44 45 46 47 48 49 50 51 52 53 54 55 56 57 58 59 60 61 62 63 64 65 66 67 68 69 70 71 72 73 74 75 76 77 78 79 80 81 82 83 84 85 86 87 88 89 90 91 92 93 94 95 96 97 98
