0 59 58 1
1 59 0 2
2 59 1 3
3 59 2 4
4 59 3 5
5 59 4 6
6 59 5 7
7 59 6 8
8 59 7 9
9 59 8 10
10 59 9 11
11 59 10 12
12 59 11 13
13 59 12 14
14 59 13 15
15 59 14 16
16 59 15 17
17 59 16 18
18 59 17 19
19 59 18 20
20 59 19 21
21 59 20 22
22 59 21 23
23 59 22 24
24 59 23 25
25 59 24 26
26 59 25 27
27 59 26 28
28 59 27 29
29 59 28 30
30 59 29 31
31 59 30 32
32 59 31 33
33 59 32 34
34 59 33 35
35 59 34 36
36 59 35 37
37 59 36 38
38 59 37 39
39 59 38 40
40 59 39 41
41 59 40 42
42 59 41 43
43 59 42 44
44 59 43 45
45 59 44 46
46 59 45 47
47 59 46 48
48 59 47 49
49 59 48 50
50 59 49 51
51 59 50 52
52 59 51 53
53 59 52 54
54 59 53 55
55 59 54 56
56 59 55 57
57 59 56 58
58 59 57 0
59 0 1 2 3 4 5 6 7 8 9 10 11 12 13 14 15 16 17 18 19 20 21 22 23 24 25 26 27 28 29 30 31 32 33 34 35 36 37 38 39 40 41 42 43 44 45 46 47 48 49 50 51 52 53 54 55 56 57 58
