0 79 78 1
1 79 0 2
2 79 1 3
3 79 2 4
4 79 3 5
5 79 4 6
6 79 5 7
7 79 6 8
8 79 7 9
9 79 8 10
10 79 9 11
11 79 10 12
12 79 11 13
13 79 12 14
14 79 13 15
15 79 14 16
16 79 15 17
17 79 16 18
18 79 17 19
19 79 18 20
20 79 19 21
21 79 20 22
22 79 21 23
23 79 22 24
24 79 23 25
25 79 24 26
26 79 25 27
27 79 26 28
28 79 27 29
29 79 28 30
30 79 29 31
31 79 30 32
32 79 31 33
33 79 32 34
34 79 33 35
35 79 34 36
36 79 35 37
37 79 36 38
38 79 37 39
39 79 38 40
40 79 39 41
41 79 40 42
42 79 41 43
43 79 42 44
44 79 43 45
45 79 44 46
46 79 45 47
47 79 46 48
48 79 47 49
49 79 48 50
50 79 49 51
51 79 50 52
52 79 51 53
53 79 52 54
54 79 53 55
55 79 54 56
56 79 55 57
57 79 56 58
58 79 57 59
59 79 58 60
60 79 59 61
61 79 60 62
62 79 61 63
63 79 62 64
64 79 63 65
65 79 64 66
66 79 65 67
67 79 66 68
68 79 67 69
69 79 68 70
70 79 69 71
71 79 70 72
72 79 71 73
73 79 72 74
74 79 73 75
75 79 74 76
76 79 75 77
77 79 76 78
78 79 77 0
79 0 1 2 3 4 5 6 7 8 9 10 11 12 13 14 15 16 17 18 19 20 21 22 23 24 25 26 27 28 29 30 31 32 33 34 35 36 37 38 39 40 41 42 43 44 45 46 47 48 49 50 51 52 53 54 55 56 57 58 59 60 61 62 63 64 65 66 67 68 69 70 71 72 73 74 75 76 77 78
