0 39 38 1
1 39 0 2
2 39 1 3
3 39 2 4
4 39 3 5
5 39 4 6
6 39 5 7
7 39 6 8
8 39 7 9
9 39 8 10
10 39 9 11
11 39 10 12
12 39 11 13
13 39 12 14
14 39 13 15
15 39 14 16
16 39 15 17
17 39 16 18
18 39 17 19
19 39 18 20
20 39 19 21
21 39 20 22
22 39 21 23
23 39 22 24
24 39 23 25
25 39 24 26
26 39 25 27
27 39 26 28
28 39 27 29
29 39 28 30
30 39 29 31
31 39 30 32
32 39 31 33
33 39 32 34
34 39 33 35
35 39 34 36
36 39 35 37
37 39 36 38
38 39 37 0
39 0 1 2 3 4 5 6 7 8 9 10 11 12 13 14 15 16 17 18 19 20 21 22 23 24 25 26 27 28 29 30 31 32 33 34 35 36 37 38
