1 2 3 4 5 6 7 8
2 1 8 9 10 11 12 13 14 15 3
3 1 2 15 13 16 17 18 19 20 21 22 23 24 25 26 10 8 27 28 29 30 4
4 1 3 31
5 1 31 6
6 1 5 31 32 33 34 35 7
7 1 6 35 34 33 36 37 31 8
8 1 7 31 28 27 3 10 9 2
9 2 8 10
10 2 9 8 3 26 13 12 11
11 2 10 12
12 2 11 10 13
13 2 12 10 26 38 16 3 14
14 2 13 15
15 2 14 3
16 3 13 38 26 20 19 18 17
17 3 16 18
18 3 17 16 19
19 3 18 16 20
20 3 19 16 26 39 25 40 22 21
21 3 20 22
22 3 21 20 40 25 41 42 24 23
23 3 22 24
24 3 23 22 42 41 43 44 25
25 3 24 44 45 41 22 40 20 39 26
26 3 25 39 20 16 38 13 10
27 3 8 28
28 3 27 8 31 46 30 47 48
29 3 48 49 50
30 3 50 51 48 47 28 46 31
31 4 30 46 28 8 7 37 36 33 52 53 54 55 56 57 58 59 60 61 32 6 5
32 6 31 61 59 62 52 63 33
33 6 32 63 52 31 36 7 34
34 6 33 7 35
35 6 34 7
36 7 33 31 37
37 7 36 31
38 13 26 16
39 20 26 25
40 20 25 22
41 22 25 45 44 64 43 24 42
42 22 41 24
43 24 41 64 44
44 24 43 64 41 45 25
45 25 44 41
46 28 31 30
47 28 30 48
48 28 47 30 51 50 49 29
49 29 48 50
50 29 49 48 51 30
51 30 50 48
52 31 33 63 32 62 59 55 54 53
53 31 52 54
54 31 53 52 55
55 31 54 52 59 58 57 56
56 31 55 57
57 31 56 55 58
58 31 57 55 59
59 31 58 55 52 62 32 61 60
60 31 59 61
61 31 60 59 32
62 32 59 52
63 32 52 33
64 41 44 43
