1 2 3 4 5 6 7
2 1 7 8 9 10 11 12 13 14 15
3 1 15 16
4 1 16 5
5 1 4 16 17 18 19 20 6
6 1 5 20 19 18 21 22 16 7
7 1 6 16 23 24 15 9 8 2
8 2 7 9
9 2 8 7 25 12 11 10
10 2 9 11
11 2 10 9 12
12 2 11 9 25 26 27 15 13
13 2 12 14
14 2 13 15
15 2 14 12 27 28 29 30 31 32 33 7 24 23 3
16 3 23 7 6 22 21 18 34 35 36 37 38 17 5 4
17 5 16 38 34 39 18
18 5 17 39 34 16 21 6 19
19 5 18 6 20
20 5 19 6
21 6 18 16 22
22 6 21 16
23 7 16 15 24
24 7 23 15
25 9 33 40 31 27 26 12
26 12 25 27
27 12 26 25 31 30 29 28 15
28 15 27 29
29 15 28 27 30
30 15 29 27 31
31 15 30 27 25 40 33 32
32 15 31 33
33 15 32 31 40 25
34 16 18 39 17 38 37 36 35
35 16 34 36
36 16 35 34 37
37 16 36 34 38
38 16 37 34 17
39 17 34 18
40 25 33 31
