1 2 3 4 5 6 7 8
2 1 8 9
3 1 9 4
4 1 3 9 10 11 12 13 5
5 1 4 13 12 11 14 15 9 6
6 1 5 9 16 17 18 19 7
7 1 6 19 18 20 21 22 23 24
8 1 24 23 25 26 27 28 29 30 31 32 33 34 17 35 36 37 9 2
9 2 8 37 36 38 16 6 5 15 14 11 39 40 41 42 43 10 4 3
10 4 9 43 39 44 11
11 4 10 44 39 9 14 5 12
12 4 11 5 13
13 4 12 5
14 5 11 9 15
15 5 14 9
16 6 9 38 36 45 35 17
17 6 16 8
18 6 46 22 21 20 7 19
19 6 18 7
20 7 18 21
21 7 20 18 22
22 7 21 18 46 47 25 23
23 7 22 8 24
24 7 23 8
25 8 22 47 46 29 28 27 26
26 8 25 27
27 8 26 25 28
28 8 27 25 29
29 8 28 25 46 48 34 49 31 30
30 8 29 31
31 8 30 29 49 34 50 33 32
32 8 31 33
33 8 32 31 50 34
34 8 33 50 31 49 29 48 46
35 8 16 45 36
36 8 35 45 16 38 9 37
37 8 36 9
38 9 36 16
39 9 11 44 10 43 42 41 40
40 9 39 41
41 9 40 39 42
42 9 41 39 43
43 9 42 39 10
44 10 39 11
45 16 36 35
46 18 34 48 29 25 47 22
47 22 46 25
48 29 46 34
49 29 34 31
50 31 34 33
