1 2 3 4 5 6 7 8
2 1 8 9
3 1 9 4
4 1 3 9 10 11 12 13 5
5 1 4 13 12 11 14 15 9 6
6 1 5 9 16 17 8 18 19 7
7 1 6 19 18 20 21 22 23 24
8 1 24 23 25 26 27 28 29 30 31 32 33 34 18 6 17 16 35 36 2
9 2 36 37 38 39 16 6 5 15 14 11 40 41 42 43 44 45 46 10 4 3
10 4 9 46 45 47 40 48 11
11 4 10 48 40 9 14 5 12
12 4 11 5 13
13 4 12 5
14 5 11 9 15
15 5 14 9
16 6 9 39 36 49 35 8 17
17 6 16 8
18 6 8 34 22 21 20 7 19
19 6 18 7
20 7 18 21
21 7 20 18 22
22 7 21 18 34 50 51 23
23 7 22 8 24
24 7 23 8
25 8 51 26
26 8 25 51 27
27 8 26 51 28
28 8 27 51 34 52 33 53 30 29
29 8 28 30
30 8 29 28 53 33 54 55 56 32 31
31 8 30 32
32 8 31 30 56 54 57 58 33
33 8 32 58 54 30 53 28 52 34
34 8 33 52 28 51 50 22 18
35 8 16 49 36
36 8 35 49 16 39 37 9
37 9 36 39 38
38 9 37 39
39 9 38 37 36 16
40 9 11 48 10 47 45 59 43 42 41
41 9 40 42
42 9 41 40 43
43 9 42 40 59 45 60 44
44 9 43 60 45
45 9 44 60 43 59 40 47 10 46
46 9 45 10
47 10 45 40
48 10 40 11
49 16 36 35
50 22 34 51
51 22 50 34 28 27 26 25
52 28 34 33
53 28 33 30
54 30 33 58 57 32 56 55
55 30 54 56
56 30 55 54 32
57 32 54 58
58 32 57 54 33
59 40 45 43
60 43 45 44
