1 2 9 8
2 3 10 1
3 4 11 2
4 5 12 3
5 6 13 4
6 7 14 5
7 8 15 6
8 1 16 7
9 10 17 16 1
17 18 25 24 9
25 26 33 32 17
33 34 41 40 25
41 42 49 48 33
49 50 57 56 41
10 11 18 9 2
18 19 26 17 10
26 27 34 25 18
34 35 42 33 26
42 43 50 41 34
50 51 58 49 42
11 12 19 10 3
19 20 27 18 11
27 28 35 26 19
35 36 43 34 27
43 44 51 42 35
51 52 59 50 43
12 13 20 11 4
20 21 28 19 12
28 29 36 27 20
36 37 44 35 28
44 45 52 43 36
52 53 60 51 44
13 14 21 12 5
21 22 29 20 13
29 30 37 28 21
37 38 45 36 29
45 46 53 44 37
53 54 61 52 45
14 15 22 13 6
22 23 30 21 14
30 31 38 29 22
38 39 46 37 30
46 47 54 45 38
54 55 62 53 46
15 16 23 14 7
23 24 31 22 15
31 32 39 30 23
39 40 47 38 31
47 48 55 46 39
55 56 63 54 47
16 9 24 15 8
24 17 32 23 16
32 25 40 31 24
40 33 48 39 32
48 41 56 47 40
56 49 64 55 48
57 58 64 49
58 59 57 50
59 60 58 51
60 61 59 52
61 62 60 53
62 63 61 54
63 64 62 55
64 57 63 56
